

  0.000e+00  1.000e+00  2.000e+00  3.000e+00  4.000e+00  5.000e+00  6.000e+00  7.000e+00  8.000e+00  9.000e+00
  1.000e+00  0.000e+00  1.000e+00  2.000e+00  3.000e+00  4.000e+00  5.000e+00  6.000e+00  7.000e+00  8.000e+00
  2.000e+00  1.000e+00  0.000e+00  1.000e+00  2.000e+00  3.000e+00  4.000e+00  5.000e+00  6.000e+00  7.000e+00
  3.000e+00  2.000e+00  1.000e+00  0.000e+00  1.000e+00  2.000e+00  3.000e+00  4.000e+00  5.000e+00  6.000e+00
  4.000e+00  3.000e+00  2.000e+00  1.000e+00  0.000e+00  1.000e+00  2.000e+00  3.000e+00  4.000e+00  5.000e+00
  5.000e+00  4.000e+00  3.000e+00  2.000e+00  1.000e+00  0.000e+00  1.000e+00  2.000e+00  3.000e+00  4.000e+00
  6.000e+00  5.000e+00  4.000e+00  3.000e+00  2.000e+00  1.000e+00  0.000e+00  1.000e+00  2.000e+00  3.000e+00
  7.000e+00  6.000e+00  5.000e+00  4.000e+00  3.000e+00  2.000e+00  1.000e+00  0.000e+00  1.000e+00  2.000e+00
  8.000e+00  7.000e+00  6.000e+00  5.000e+00  4.000e+00  3.000e+00  2.000e+00  1.000e+00  0.000e+00  1.000e+00
  9.000e+00  8.000e+00  7.000e+00  6.000e+00  5.000e+00  4.000e+00  3.000e+00  2.000e+00  1.000e+00  0.000e+00




  1.000e+00
 -2.585e-11
  1.000e+00
  1.317e-11
  1.000e+00
 -3.656e-11
  1.000e+00
 -1.038e-11
  1.000e+00
  7.254e-13


Error : 1.398469e-08
./a.out : residual = 1.061599e-14 elapsed = 0.36 for s = 3 n = 2000 m = 30


  0.000e+00  1.000e+00  2.000e+00  3.000e+00  4.000e+00  5.000e+00  6.000e+00  7.000e+00  8.000e+00  9.000e+00
  1.000e+00  0.000e+00  1.000e+00  2.000e+00  3.000e+00  4.000e+00  5.000e+00  6.000e+00  7.000e+00  8.000e+00
  2.000e+00  1.000e+00  0.000e+00  1.000e+00  2.000e+00  3.000e+00  4.000e+00  5.000e+00  6.000e+00  7.000e+00
  3.000e+00  2.000e+00  1.000e+00  0.000e+00  1.000e+00  2.000e+00  3.000e+00  4.000e+00  5.000e+00  6.000e+00
  4.000e+00  3.000e+00  2.000e+00  1.000e+00  0.000e+00  1.000e+00  2.000e+00  3.000e+00  4.000e+00  5.000e+00
  5.000e+00  4.000e+00  3.000e+00  2.000e+00  1.000e+00  0.000e+00  1.000e+00  2.000e+00  3.000e+00  4.000e+00
  6.000e+00  5.000e+00  4.000e+00  3.000e+00  2.000e+00  1.000e+00  0.000e+00  1.000e+00  2.000e+00  3.000e+00
  7.000e+00  6.000e+00  5.000e+00  4.000e+00  3.000e+00  2.000e+00  1.000e+00  0.000e+00  1.000e+00  2.000e+00
  8.000e+00  7.000e+00  6.000e+00  5.000e+00  4.000e+00  3.000e+00  2.000e+00  1.000e+00  0.000e+00  1.000e+00
  9.000e+00  8.000e+00  7.000e+00  6.000e+00  5.000e+00  4.000e+00  3.000e+00  2.000e+00  1.000e+00  0.000e+00




  1.000e+00
 -9.269e-11
  1.000e+00
  5.069e-11
  1.000e+00
 -1.438e-10
  1.000e+00
 -4.381e-11
  1.000e+00
  7.254e-13


Error : 1.103486e-07
./a.out : residual = 9.163584e-14 elapsed = 2.79 for s = 3 n = 4000 m = 30


  0.000e+00  1.000e+00  2.000e+00  3.000e+00  4.000e+00  5.000e+00  6.000e+00  7.000e+00  8.000e+00  9.000e+00
  1.000e+00  0.000e+00  1.000e+00  2.000e+00  3.000e+00  4.000e+00  5.000e+00  6.000e+00  7.000e+00  8.000e+00
  2.000e+00  1.000e+00  0.000e+00  1.000e+00  2.000e+00  3.000e+00  4.000e+00  5.000e+00  6.000e+00  7.000e+00
  3.000e+00  2.000e+00  1.000e+00  0.000e+00  1.000e+00  2.000e+00  3.000e+00  4.000e+00  5.000e+00  6.000e+00
  4.000e+00  3.000e+00  2.000e+00  1.000e+00  0.000e+00  1.000e+00  2.000e+00  3.000e+00  4.000e+00  5.000e+00
  5.000e+00  4.000e+00  3.000e+00  2.000e+00  1.000e+00  0.000e+00  1.000e+00  2.000e+00  3.000e+00  4.000e+00
  6.000e+00  5.000e+00  4.000e+00  3.000e+00  2.000e+00  1.000e+00  0.000e+00  1.000e+00  2.000e+00  3.000e+00
  7.000e+00  6.000e+00  5.000e+00  4.000e+00  3.000e+00  2.000e+00  1.000e+00  0.000e+00  1.000e+00  2.000e+00
  8.000e+00  7.000e+00  6.000e+00  5.000e+00  4.000e+00  3.000e+00  2.000e+00  1.000e+00  0.000e+00  1.000e+00
  9.000e+00  8.000e+00  7.000e+00  6.000e+00  5.000e+00  4.000e+00  3.000e+00  2.000e+00  1.000e+00  0.000e+00




  1.000e+00
 -3.574e-10
  1.000e+00
  1.985e-10
  1.000e+00
 -5.710e-10
  1.000e+00
 -1.761e-10
  1.000e+00
  7.254e-13


Error : 8.444587e-07
./a.out : residual = 4.767767e-14 elapsed = 21.98 for s = 3 n = 8000 m = 30


  0.000e+00  1.000e+00  2.000e+00  3.000e+00  4.000e+00  5.000e+00  6.000e+00  7.000e+00  8.000e+00  9.000e+00
  1.000e+00  0.000e+00  1.000e+00  2.000e+00  3.000e+00  4.000e+00  5.000e+00  6.000e+00  7.000e+00  8.000e+00
  2.000e+00  1.000e+00  0.000e+00  1.000e+00  2.000e+00  3.000e+00  4.000e+00  5.000e+00  6.000e+00  7.000e+00
  3.000e+00  2.000e+00  1.000e+00  0.000e+00  1.000e+00  2.000e+00  3.000e+00  4.000e+00  5.000e+00  6.000e+00
  4.000e+00  3.000e+00  2.000e+00  1.000e+00  0.000e+00  1.000e+00  2.000e+00  3.000e+00  4.000e+00  5.000e+00
  5.000e+00  4.000e+00  3.000e+00  2.000e+00  1.000e+00  0.000e+00  1.000e+00  2.000e+00  3.000e+00  4.000e+00
  6.000e+00  5.000e+00  4.000e+00  3.000e+00  2.000e+00  1.000e+00  0.000e+00  1.000e+00  2.000e+00  3.000e+00
  7.000e+00  6.000e+00  5.000e+00  4.000e+00  3.000e+00  2.000e+00  1.000e+00  0.000e+00  1.000e+00  2.000e+00
  8.000e+00  7.000e+00  6.000e+00  5.000e+00  4.000e+00  3.000e+00  2.000e+00  1.000e+00  0.000e+00  1.000e+00
  9.000e+00  8.000e+00  7.000e+00  6.000e+00  5.000e+00  4.000e+00  3.000e+00  2.000e+00  1.000e+00  0.000e+00




  1.000e+00
 -1.411e-09
  1.000e+00
  7.833e-10
  1.000e+00
 -2.273e-09
  1.000e+00
 -7.027e-10
  1.000e+00
  7.254e-13


Error : 6.591407e-06
./a.out : residual = 1.207876e-13 elapsed = 174.53 for s = 3 n = 16000 m = 30
