

  0.000e+00  1.000e+00  2.000e+00  3.000e+00  4.000e+00  5.000e+00  6.000e+00  7.000e+00  8.000e+00  9.000e+00
  1.000e+00  0.000e+00  1.000e+00  2.000e+00  3.000e+00  4.000e+00  5.000e+00  6.000e+00  7.000e+00  8.000e+00
  2.000e+00  1.000e+00  0.000e+00  1.000e+00  2.000e+00  3.000e+00  4.000e+00  5.000e+00  6.000e+00  7.000e+00
  3.000e+00  2.000e+00  1.000e+00  0.000e+00  1.000e+00  2.000e+00  3.000e+00  4.000e+00  5.000e+00  6.000e+00
  4.000e+00  3.000e+00  2.000e+00  1.000e+00  0.000e+00  1.000e+00  2.000e+00  3.000e+00  4.000e+00  5.000e+00
  5.000e+00  4.000e+00  3.000e+00  2.000e+00  1.000e+00  0.000e+00  1.000e+00  2.000e+00  3.000e+00  4.000e+00
  6.000e+00  5.000e+00  4.000e+00  3.000e+00  2.000e+00  1.000e+00  0.000e+00  1.000e+00  2.000e+00  3.000e+00
  7.000e+00  6.000e+00  5.000e+00  4.000e+00  3.000e+00  2.000e+00  1.000e+00  0.000e+00  1.000e+00  2.000e+00
  8.000e+00  7.000e+00  6.000e+00  5.000e+00  4.000e+00  3.000e+00  2.000e+00  1.000e+00  0.000e+00  1.000e+00
  9.000e+00  8.000e+00  7.000e+00  6.000e+00  5.000e+00  4.000e+00  3.000e+00  2.000e+00  1.000e+00  0.000e+00




  1.000e+00
 -1.076e-12
  1.000e+00
  3.829e-11
  1.000e+00
  1.268e-11
  1.000e+00
  2.975e-12
  1.000e+00
  2.648e-11


Error : 1.727958e-08
./a.out: residual = 4.799833e-14 elapsed = 4.51 for s = 3 n = 2000 m = 30
