

  0.000e+00  1.000e+00  2.000e+00  3.000e+00  4.000e+00  5.000e+00  6.000e+00  7.000e+00  8.000e+00  9.000e+00
  1.000e+00  0.000e+00  1.000e+00  2.000e+00  3.000e+00  4.000e+00  5.000e+00  6.000e+00  7.000e+00  8.000e+00
  2.000e+00  1.000e+00  0.000e+00  1.000e+00  2.000e+00  3.000e+00  4.000e+00  5.000e+00  6.000e+00  7.000e+00
  3.000e+00  2.000e+00  1.000e+00  0.000e+00  1.000e+00  2.000e+00  3.000e+00  4.000e+00  5.000e+00  6.000e+00
  4.000e+00  3.000e+00  2.000e+00  1.000e+00  0.000e+00  1.000e+00  2.000e+00  3.000e+00  4.000e+00  5.000e+00
  5.000e+00  4.000e+00  3.000e+00  2.000e+00  1.000e+00  0.000e+00  1.000e+00  2.000e+00  3.000e+00  4.000e+00
  6.000e+00  5.000e+00  4.000e+00  3.000e+00  2.000e+00  1.000e+00  0.000e+00  1.000e+00  2.000e+00  3.000e+00
  7.000e+00  6.000e+00  5.000e+00  4.000e+00  3.000e+00  2.000e+00  1.000e+00  0.000e+00  1.000e+00  2.000e+00
  8.000e+00  7.000e+00  6.000e+00  5.000e+00  4.000e+00  3.000e+00  2.000e+00  1.000e+00  0.000e+00  1.000e+00
  9.000e+00  8.000e+00  7.000e+00  6.000e+00  5.000e+00  4.000e+00  3.000e+00  2.000e+00  1.000e+00  0.000e+00




  1.000e+00
 -1.076e-12
  1.000e+00
  1.607e-10
  1.000e+00
  3.974e-11
  1.000e+00
  8.318e-12
  1.000e+00
  1.081e-10


Error : 1.333810e-07
./a.out: residual = 3.421692e-14 elapsed = 35.68 for s = 3 n = 4000 m = 30
