

  0.000e+00  1.000e+00  2.000e+00  3.000e+00  4.000e+00  5.000e+00  6.000e+00  7.000e+00  8.000e+00  9.000e+00
  1.000e+00  0.000e+00  1.000e+00  2.000e+00  3.000e+00  4.000e+00  5.000e+00  6.000e+00  7.000e+00  8.000e+00
  2.000e+00  1.000e+00  0.000e+00  1.000e+00  2.000e+00  3.000e+00  4.000e+00  5.000e+00  6.000e+00  7.000e+00
  3.000e+00  2.000e+00  1.000e+00  0.000e+00  1.000e+00  2.000e+00  3.000e+00  4.000e+00  5.000e+00  6.000e+00
  4.000e+00  3.000e+00  2.000e+00  1.000e+00  0.000e+00  1.000e+00  2.000e+00  3.000e+00  4.000e+00  5.000e+00
  5.000e+00  4.000e+00  3.000e+00  2.000e+00  1.000e+00  0.000e+00  1.000e+00  2.000e+00  3.000e+00  4.000e+00
  6.000e+00  5.000e+00  4.000e+00  3.000e+00  2.000e+00  1.000e+00  0.000e+00  1.000e+00  2.000e+00  3.000e+00
  7.000e+00  6.000e+00  5.000e+00  4.000e+00  3.000e+00  2.000e+00  1.000e+00  0.000e+00  1.000e+00  2.000e+00
  8.000e+00  7.000e+00  6.000e+00  5.000e+00  4.000e+00  3.000e+00  2.000e+00  1.000e+00  0.000e+00  1.000e+00
  9.000e+00  8.000e+00  7.000e+00  6.000e+00  5.000e+00  4.000e+00  3.000e+00  2.000e+00  1.000e+00  0.000e+00




  1.000e+00
 -1.076e-12
  1.000e+00
  6.585e-10
  1.000e+00
  1.448e-10
  1.000e+00
  2.946e-11
  1.000e+00
  4.369e-10


Error : 9.639849e-07
./a.out: residual = 1.942349e-13 elapsed = 285.81 for s = 3 n = 8000 m = 30
