

  0.000e+00  1.000e+00  2.000e+00  3.000e+00  4.000e+00  5.000e+00  6.000e+00  7.000e+00  8.000e+00  9.000e+00
  1.000e+00  0.000e+00  1.000e+00  2.000e+00  3.000e+00  4.000e+00  5.000e+00  6.000e+00  7.000e+00  8.000e+00
  2.000e+00  1.000e+00  0.000e+00  1.000e+00  2.000e+00  3.000e+00  4.000e+00  5.000e+00  6.000e+00  7.000e+00
  3.000e+00  2.000e+00  1.000e+00  0.000e+00  1.000e+00  2.000e+00  3.000e+00  4.000e+00  5.000e+00  6.000e+00
  4.000e+00  3.000e+00  2.000e+00  1.000e+00  0.000e+00  1.000e+00  2.000e+00  3.000e+00  4.000e+00  5.000e+00
  5.000e+00  4.000e+00  3.000e+00  2.000e+00  1.000e+00  0.000e+00  1.000e+00  2.000e+00  3.000e+00  4.000e+00
  6.000e+00  5.000e+00  4.000e+00  3.000e+00  2.000e+00  1.000e+00  0.000e+00  1.000e+00  2.000e+00  3.000e+00
  7.000e+00  6.000e+00  5.000e+00  4.000e+00  3.000e+00  2.000e+00  1.000e+00  0.000e+00  1.000e+00  2.000e+00
  8.000e+00  7.000e+00  6.000e+00  5.000e+00  4.000e+00  3.000e+00  2.000e+00  1.000e+00  0.000e+00  1.000e+00
  9.000e+00  8.000e+00  7.000e+00  6.000e+00  5.000e+00  4.000e+00  3.000e+00  2.000e+00  1.000e+00  0.000e+00




  1.000e+00
 -1.076e-12
  1.000e+00
  2.665e-09
  1.000e+00
  5.622e-10
  1.000e+00
  1.127e-10
  1.000e+00
  1.757e-09


Error : 7.171582e-06
./a.out: residual = 1.735409e-13 elapsed = 2289.19 for s = 3 n = 16000 m = 30
